4307638
30647716
224448760
10071
149584
330326
687475
729824
818033
950879
988976
1050792
1107364
1190098
1326684
1409653
1450299
1655134
1803252
1953446
2370696
2570796
2694101
2903838
3051250
3057012
3079832
3168474
3354965
3356163
3375518
3492511
3931336
3966067
3996333
4029129
4067659
4129316
4216886
4275564
4297503
4366527
4591021
4654867
4710313
4714645
4821971
4942480
5171423
5206301
5375138
5405565
5466488
5493938
5689818
5708504
5718377
5783780
5807534
5844312
5859412
5927782
6052672
6174268
6273738
6464369
6497202
6603816
6608067
6638528
6674189
6813587
6949233
7009960
7116705
7195215
7333552
7895378
7943293
7973803
8288766
8455308
8515539
8644740
9048027
9120841
9148698
9299980
9345809
9788985
9882852
9896180
10251789
10314444
10472482
10620828
10728013
10894521
10912584
11087665
11195826
11257746
11602014
11637245
12144448
12252072
12460536
12555178
12641001
12696966
13262120
13340910
13398099
13593018
13884636
13989102
14145536
14156884
14393104
14427414
14493531
14583418
14830178
14836882
14912785
15103201
15352191
16011242
16464762
16603538
16716306
16746965
16806371
16903575
16937257
17091810
17204549
17430009
18374211
18420875
18479069
18544915
18585195
18722375
19050219
19293411
19376967
19592858
19613942
19657300
20041936
20298501
20364524
20398589
20460918
20545469
20731595
20773889
21222855
21481630
22187685
22338802
22556939
23050715
23078352
23089133
23383302
23716579
23867253
23895586
24222367
24252147
24808113
24816141
24872414
25079555
25126954
25254455
25452410
25457478
25790690
25791548
25876038
26251678
26318283
27126835
27138892
27622972
27903103
28032920
28067148
28216835
28395543
28523622
28737543
28758395
28759397
29426810
30221438
30484809
31204685
31227354
31350919
31580628
31584451
31617985
31786584
32059352
32260521
32289266
32501507
32522699
34552610
35582333
36022127
36288006
36653142
36834884
36863025
37126386
37327449
37647342
37724605
38120142
38789838
39073740
39079369
39188883
39574509
39593068
39704323
40015776
41256424
41334391
41560881
42172612
42233282
42813475
43264475
43285639
43450191
43473862
43666772
44012971
44021224
44068544
44413103
44673235
44893764
45161306
45187177
45241683
45459726
45662196
49414520
49494731
49619375
50567942
51133525
52155253
52610251
52804150
54638499
54872205
54958835
55152948
55283832
55379798
55479518
55604281
55736905
56018946
56301867
56368391
56373519
56589657
56912120
57100800
57448500
57461796
57878060
58135301
58185871
58192545
58299073
58321294
58579265
58848842
59152101
59396607
59475259
61400126
61824684
61876431
62371849
62467491
62598091
63143873
63386337
63604092
63844886
64179523
64287277
64585379
64653587
64764608
64812387
64988558
65616903
65764151
66350472
66377029
66616094
66721900
67001602
67044177
67114992
67186382
67790219
68960914
69289925
69426850
71279427
71508863
72973399
73011346
73312634
73616484
73644018
74186660
74229402
74284724
75314866
75466652
75584971
75820759
76161488
76292822
76373747
76869959
77050785
77432858
77642231
78091591
79198984
79255430
79838439
80241522
80459888
80741676
80988534
81009013
81029286
81182463
81315143
81772320
82097373
82108218
82940673
83158345
83466199
84377016
84771738
85099851
85121291
85129106
85461001
86263007
86405523
86431220
86975003
87022651
87575239
87861090
88330665
88398590
90085014
90347902
90719600
91046514
91257064
91326431
91439575
91559697
92538947
92960736
93274618
93445124
94298624
96024834
96511446
97020003
97296763
97742417
98903944
98948621
99050314
99629199
101024278
101050442
101814935
102592968
102756131
102871667
103194745
103433737
104212903
104354165
104960655
105797866
105851243
106208349
106811164
107186511
109311003
109763739
110598167
110647233
111019578
111191629
112256250
113961241
114789600
114817997
115329782
115928359
116339889
116457242
116624598
116871688
116993094
117701121
118906084
120830881
122150497
122262446
122328300
122413730
122732524
123342252
123396282
123651186
124454648
124735035
124775019
125050096
126673126
126892926
128384191
129055713
129551344
131841754
131948284
132021875
132053486
132071358
132094195
132100024
132198356
132506038
132661764
132826670
132913421
133509709
133701751
133796915
133841782
134282946
134285317
134302723
134686123
134771885
134831143
134877027
134908477
134920622
134986193
135024049
135204225
135222359
135329457
135474477
135543608
135800310
135823007
135876137
136093924
136099636
136204942
136507241
136568579
136743728
136767458
136859010
137003228
137246535
137246872
137250241
137376225
137382943
137407883
137435124
137463851
137541331
137601861
138057303
138127823
138430421
138476234
138676854
138707194
138819403
138826036
138952335
138958553
139068299
139237850
139495319
139538629
139552691
139642165
140061172
140199344
140334164
140688855
140759928
141070927
141573434
141581133
141774818
141887701
142123943
142138837
142145255
142188030
142275754
142289844
142387023
142469154
142513507
142517388
142608652
142612869
143281240
143562707
143573784
143742244
143783624
144108621
144399903
144417050
144430561
144636997
144857559
145111131
145177541
145442550
145734965
145744694
145746049
145901661
146007950
146170216
146342108
146569916
146868378
147044258
147602162
147632869
147640795
147724086
147774440
148016590
148041041
148115142
149528539
149930709
150102037
150340483
150341036
150354722
150387297
150468977
150488345
150494633
150591137
150772232
150789159
150820733
150828287
150829460
150916291
151031924
151103132
151552739
151599930
151683010
151727225
151965055
151995165
152043058
152130187
152205591
152228392
152340724
152504104
152936705
153148448
153321799
153418121
153472096
153496879
153519252
153548194
153759617
153932454
154036995
154225787
154824706
155039921
155082041
155133580
155185234
155526491
155746524
155814214
155851810
156108967
156152196
156360003
156414721
156553802
156715629
156876804
157751727
157768471
157822324
158078463
158145679
158249799
158414468
158540778
158563214
158578716
158752702
158782518
158970257
158972381
159949173
160230438
160681916
160806871
160816606
161026959
161110239
161137045
161489442
161564543
161700494
162436633
162520249
162617620
162900938
162975544
163000813
163216754
163322316
163562628
163750135
163858949
164043301
164184170
164329748
164576722
164831050
164932568
165004048
165011493
165173712
165747213
165777856
165781864
165801187
165877037
165973437
165982312
166127980
166130739
166679249
166731513
166751113
166948336
167124647
167200213
167929887
168101106
168408229
168498946
168575284
168648216
168675349
168683821
168811272
169183227
169389516
170004547
170358946
170830624
171156161
171313933
171324076
171791542
171819818
172208225
172464123
172979429
173611778
173805546
174090069
174103566
174298611
174639667
175105494
175227501
175322332
175518690
175538753
175792491
175800707
175915659
176010032
176079821
176170641
176171279
176352135
176681827
176689188
177106952
177217956
177712976
177922144
178214901
178354281
178394646
178442633
178710242
178879102
179420641
179453033
179687146
180515245
180747177
180755776
180767063
180838034
180843232
180845264
181034418
181076461
181335991
181383715
181397281
182615615
182649235
182918945
182924927
183515431
183992981
184188060
184314941
184510857
184977402
185261171
185426659
185540627
185545643
185554648
185874079
186092113
186181018
186339592
186732310
186801804
187038254
187329952
187376757
187635278
187643994
187799364
187817577
187908091
187977204
188745485
188817490
188913560
189374674
189402996
189585804
189790878
190094170
190217077
190320379
190347147
190450940
190517857
190663490
191197529
191272171
191824047
191867790
191884761
192052585
192316011
192387755
192466543
192524710
192947925
193092833
193325642
193417158
193428752
193604818
194029003
194029547
194508021
194609825
195220332
195306443
195415017
196602654
196812605
196831866
197340538
197607853
197668644
197702610
198226243
198231390
198422635
198452844
198704210
199029548
199088209
199343748
199838859
199855786
199872052
200086689
200232681
200490621
200569303
200862335
201094521
201287876
201309463
201375969
201887612
202207996
202421496
202612249
202630298
202650557
202784312
202815849
203290975
203471970
203650383
203893078
204355825
204451979
204525142
204689377
204860712
205234644
205526436
205622391
205899128
206007890
206224328
206226152
206321074
206532744
206549568
206599536
206724113
206782108
206817958
206820128
206965918
207558446
207713983
207755007
207837027
208084409
208511054
208594611
209288076
209767232
209820606
209858573
209899905
210419374
210564463
210591599
210656459
210696484
210858250
210936733
211125538
211147341
211242245
211554686
213170967
213406982
213878894
214312333
214764593
214988630
215091415
215157949
215393372
215458556
215536980
215960285
216251471
216479724
216500347
216779388
216981948
217451599
217487854
217536175
217539125
217653926
217708899
217816984
217831431
218193831
218735744
219505455
219578339
219645403
220835069
220844953
220986998
221059932
221485359
222238974
222278561
222417551
222659817
222712386
223146819
223197971
223258819
223554054
223732332
224320833
224673880
224972066
225067589
225367301
226231706
226354882
226687455
226710975
227182094
227240602
227320614
227362113
227596082
227674899
227675879
228143778
228455129
228462875
228996247
229307304
229379669
229748808
229788990
229845821
229875762
230195586
230352907
230391577
230420984
230694884
230859479
231298765
231342459
231406004
231675172
231696411
231760928
231777826
232260055
232541959
232736431
233024201
233036086
233230816
233742268
234288683
234510314
234556677
234560284
234770698
234812835
234865800
235350511
235517097
235650961
235835454
236176858
236893400
237001589
237775922
237859045
237995668
238001764
238495974
238548501
238702424
239448282
239579284
239984734
240086102
240261956
240753818
240951687
241152101
241203583
241921384
241962600
242078817
242233573
242450609
243259379
243687914
243833081
244048443
244415976
244547880
244906640
244960402
245164442
245169224
245343601
245565765
245866122
245868683
246373369
246612661
246701873
247328046
247481421
247858533
247954247
248120000
248211539
248295028
248366982
248665872
248685571
248727881
248868814
249325535
249400125
249694254
250128589
250289335
250296854
250371279
250657939
250994461
251016645
251229423
251435102
251599967
251621001
252088018
252153949
252298508
252357137
252416521
252522792
252837342
253418014
253975049
253999784
254069330
254209031
254780310
255109002
255151865
255463318
256266599
256372077
256553157
256663555
256855347
256861848
257129682
257223938
257393360
257480243
257956262
258250994
258371542
258459087
258653579
258660062
258794751
258856060
258982076
259058891
259300512
259470962
259560991
259676280
260358989
260645349
260646213
260765315
260990259
261118393
261136447
261162439
261288484
261645462
261943685
261958942
261975407
262309704
262473545
262985482
263207275
263473853
264329842
264558101
265070942
265146653
265170415
265171946
265354062
265637376
265860939
266085319
266775169
266880750
267170433
267518745
267650503
267820074
267850260
267863628
267906345
267988292
268234801
268243287
268245987
268432452
268443675
268507897
268553103
268586073
268766429
269171983
269387500
269402115
269830241
269918996
270004498
270271230
270395167
270556975
270698068
270884433
272128531
273225821
273796495
274031198
274105650
274280877
274550473
274609776
274689507
275301568
275469731
275694821
275706886
275718522
276033718
276455700
276738418
277065495
278346511
278453053
278581188
281133558
281409569
284533967
285410188
287475976
292398166
296776175
302286465
326902279
341311842
348917933
355036576
361128269
379432474
399482209
460804167