380666
412093
433438
437824
545595
655892
735845
745048
882898
928041
1001537
1272515
1433896
1442583
1453978
1717150
1735971
1842067
1901795
2188712
2359512
2478580
2669441
2944193
2954121
3293596
3320652
3470081
3507350
3553282
3571356
3642687
3759048
3849352
3972367
4045913
4307638
4625972
4687329
5318980
5364633
5478309
5723085
6044086
7005049
7234191
7345297
7576888
7832241
7911022
8155953
8400454
8410382
8611396
8811666
9232642
9352737
9476469
9497072
9567416
10022674
10242949
10251004
10395461
10403701
11243677
11460421
11638060
12127926
12365865
12602894
12889209
12942463
13009281
13010785
13107156
13154681
13620141
14142038
14261006
14551460
15241861
15299876
15304761
15616985
15980530
17273831
17387499
17536458
17770416
18405959
18444267
19322035
20042280
20087356
20228875
21054806
21208576
21308265
21500538
21812687
22139693
25421201
26047260
26371703
27149677
27278612
27716196
28203350
28268589
28323131
29686861
30021092
30299198
30647716
30827944
31022143
31189484
32082699
32453856
32909343
34354670
35925583
37287503
39616244
39620076
42275159
43273457
45476500
49681021
51166902
51477786
51518772
53410625
53920106
54655737
54877639
55066668
55911868
56891796
57256477
58535707
60707047
61018368
61750119
62653902
63678841
64349293
66140977
66881907
66933112
66967605
67794901
70015703
71781959
71811300
74867801
76380957
77458237
77731755
78241716
82584991
82637809
83708664
84336383
85222142
85546207
87665522
90017206
94669939
95124362
95579765
95771602
95811307
96264178
99151845
99315049
99338885
101059709
101427619
103308942
104192262
104507055
114177587
116992796
118194186
122437588
128776772
129175531
132065297
133451865
134116403
134790698
137818424
138759958
139157313
139178901
139372719
139407145
139771250
140065560
141974561
143518584
144435753
144747281
145875111
150720035
150921284
151293566
151816844
153937182
154026008
154342563
154902104
158444088
159195290
159403506
162960045
163265531
163771659
163904486
166493796
168522184
169114928
170328312
173606347
175615948
176060428
176522183
181415993
183411238
183555784
183948080
186054223
186818893
190878769
191451801
192517068
194756879
196800482
197541791
198232339
198550265
198851059
199859537
201163297
205922169
210537918
213898092
215098292
217208702
217359604
217843019
221138311
222476941
222948742
224483884
228629410
230274141
231211848
231685097
232695192
233353194
234884547
240031568
243814781
246558869
247473752
249546872
251165972
253089766
255514138
257705248
262053744
263191924
263450737
265382648
268636497
269305397
269885794
270413471
273415366
273958371
275881135
287292775
287925302
289379744
290389178
299055378
300249932
301657207
305711186
306039518
308107003
310610790
314184199
319541102
319785752
320294895
320543543
323870609
324318963
327056690
327181914
328337192
329248752
330914199
331707904
334934515
338485481
339003987
340855967
341349940
347339127
347546790
350605726
352686145
353816679
355617921
356146406
357992276
358309603
358822497
359622266
359962238
361611305
361732135
365984594
368557438
368785916
369375838
369646414
370190351
370649071
372861244
375095617
375464498
382075688
394847830
395936270
401249993
401384247
401571109
402440325
406273028
406487704
406744293
406937598
408950168
411947417
421084575
422221666
424982788
425385352
428063143
428356386
429720197
430682116
434422519
440560585
447889773
451316411
451586744
456823624
457440704